{
 "cells": [
  {
   "attachments": {},
   "cell_type": "markdown",
   "metadata": {},
   "source": [
    "### Data Preprocessing"
   ]
  },
  {
   "attachments": {},
   "cell_type": "markdown",
   "metadata": {},
   "source": [
    "##### Data Cleaning"
   ]
  },
  {
   "cell_type": "code",
   "execution_count": 24,
   "metadata": {},
   "outputs": [
    {
     "data": {
      "text/html": [
       "<div>\n",
       "<style scoped>\n",
       "    .dataframe tbody tr th:only-of-type {\n",
       "        vertical-align: middle;\n",
       "    }\n",
       "\n",
       "    .dataframe tbody tr th {\n",
       "        vertical-align: top;\n",
       "    }\n",
       "\n",
       "    .dataframe thead th {\n",
       "        text-align: right;\n",
       "    }\n",
       "</style>\n",
       "<table border=\"1\" class=\"dataframe\">\n",
       "  <thead>\n",
       "    <tr style=\"text-align: right;\">\n",
       "      <th></th>\n",
       "      <th>Date</th>\n",
       "      <th>A1</th>\n",
       "      <th>A2</th>\n",
       "      <th>A3</th>\n",
       "      <th>R1</th>\n",
       "      <th>R2</th>\n",
       "      <th>R3</th>\n",
       "      <th>M1</th>\n",
       "      <th>M2</th>\n",
       "      <th>M3</th>\n",
       "      <th>P1</th>\n",
       "      <th>P2</th>\n",
       "      <th>P3</th>\n",
       "      <th>D1</th>\n",
       "    </tr>\n",
       "  </thead>\n",
       "  <tbody>\n",
       "    <tr>\n",
       "      <th>0</th>\n",
       "      <td>01/02/1995</td>\n",
       "      <td>1.127</td>\n",
       "      <td>1.104</td>\n",
       "      <td>1.231</td>\n",
       "      <td>1.079</td>\n",
       "      <td>1.063</td>\n",
       "      <td>1.167</td>\n",
       "      <td>1.170</td>\n",
       "      <td>1.159</td>\n",
       "      <td>1.298</td>\n",
       "      <td>1.272</td>\n",
       "      <td>1.250</td>\n",
       "      <td>1.386</td>\n",
       "      <td>1.104</td>\n",
       "    </tr>\n",
       "    <tr>\n",
       "      <th>1</th>\n",
       "      <td>01/09/1995</td>\n",
       "      <td>1.134</td>\n",
       "      <td>1.111</td>\n",
       "      <td>1.232</td>\n",
       "      <td>1.086</td>\n",
       "      <td>1.070</td>\n",
       "      <td>1.169</td>\n",
       "      <td>1.177</td>\n",
       "      <td>1.164</td>\n",
       "      <td>1.300</td>\n",
       "      <td>1.279</td>\n",
       "      <td>1.256</td>\n",
       "      <td>1.387</td>\n",
       "      <td>1.102</td>\n",
       "    </tr>\n",
       "    <tr>\n",
       "      <th>2</th>\n",
       "      <td>01/16/1995</td>\n",
       "      <td>1.126</td>\n",
       "      <td>1.102</td>\n",
       "      <td>1.231</td>\n",
       "      <td>1.078</td>\n",
       "      <td>1.062</td>\n",
       "      <td>1.169</td>\n",
       "      <td>1.168</td>\n",
       "      <td>1.155</td>\n",
       "      <td>1.299</td>\n",
       "      <td>1.271</td>\n",
       "      <td>1.249</td>\n",
       "      <td>1.385</td>\n",
       "      <td>1.100</td>\n",
       "    </tr>\n",
       "    <tr>\n",
       "      <th>3</th>\n",
       "      <td>01/23/1995</td>\n",
       "      <td>1.132</td>\n",
       "      <td>1.110</td>\n",
       "      <td>1.226</td>\n",
       "      <td>1.083</td>\n",
       "      <td>1.068</td>\n",
       "      <td>1.165</td>\n",
       "      <td>1.177</td>\n",
       "      <td>1.165</td>\n",
       "      <td>1.296</td>\n",
       "      <td>1.277</td>\n",
       "      <td>1.256</td>\n",
       "      <td>1.378</td>\n",
       "      <td>1.095</td>\n",
       "    </tr>\n",
       "    <tr>\n",
       "      <th>4</th>\n",
       "      <td>01/30/1995</td>\n",
       "      <td>1.131</td>\n",
       "      <td>1.109</td>\n",
       "      <td>1.221</td>\n",
       "      <td>1.083</td>\n",
       "      <td>1.068</td>\n",
       "      <td>1.162</td>\n",
       "      <td>1.176</td>\n",
       "      <td>1.163</td>\n",
       "      <td>1.291</td>\n",
       "      <td>1.275</td>\n",
       "      <td>1.255</td>\n",
       "      <td>1.370</td>\n",
       "      <td>1.090</td>\n",
       "    </tr>\n",
       "  </tbody>\n",
       "</table>\n",
       "</div>"
      ],
      "text/plain": [
       "         Date     A1     A2     A3     R1     R2     R3     M1     M2     M3  \\\n",
       "0  01/02/1995  1.127  1.104  1.231  1.079  1.063  1.167  1.170  1.159  1.298   \n",
       "1  01/09/1995  1.134  1.111  1.232  1.086  1.070  1.169  1.177  1.164  1.300   \n",
       "2  01/16/1995  1.126  1.102  1.231  1.078  1.062  1.169  1.168  1.155  1.299   \n",
       "3  01/23/1995  1.132  1.110  1.226  1.083  1.068  1.165  1.177  1.165  1.296   \n",
       "4  01/30/1995  1.131  1.109  1.221  1.083  1.068  1.162  1.176  1.163  1.291   \n",
       "\n",
       "      P1     P2     P3     D1  \n",
       "0  1.272  1.250  1.386  1.104  \n",
       "1  1.279  1.256  1.387  1.102  \n",
       "2  1.271  1.249  1.385  1.100  \n",
       "3  1.277  1.256  1.378  1.095  \n",
       "4  1.275  1.255  1.370  1.090  "
      ]
     },
     "execution_count": 24,
     "metadata": {},
     "output_type": "execute_result"
    }
   ],
   "source": [
    "import pandas as pd\n",
    "PATH = \"./data/\"\n",
    "oil_data = pd.read_csv(PATH + \"/oldData/oilprices.csv\")\n",
    "df = oil_data.copy()\n",
    "df.head()\n"
   ]
  },
  {
   "cell_type": "code",
   "execution_count": 25,
   "metadata": {},
   "outputs": [
    {
     "name": "stdout",
     "output_type": "stream",
     "text": [
      "<class 'pandas.core.frame.DataFrame'>\n",
      "RangeIndex: 1361 entries, 0 to 1360\n",
      "Data columns (total 14 columns):\n",
      " #   Column  Non-Null Count  Dtype  \n",
      "---  ------  --------------  -----  \n",
      " 0   Date    1361 non-null   object \n",
      " 1   A1      1361 non-null   float64\n",
      " 2   A2      1361 non-null   float64\n",
      " 3   A3      1361 non-null   float64\n",
      " 4   R1      1361 non-null   float64\n",
      " 5   R2      1361 non-null   float64\n",
      " 6   R3      1361 non-null   float64\n",
      " 7   M1      1361 non-null   float64\n",
      " 8   M2      1361 non-null   float64\n",
      " 9   M3      1361 non-null   float64\n",
      " 10  P1      1361 non-null   float64\n",
      " 11  P2      1361 non-null   float64\n",
      " 12  P3      1361 non-null   float64\n",
      " 13  D1      1361 non-null   float64\n",
      "dtypes: float64(13), object(1)\n",
      "memory usage: 149.0+ KB\n"
     ]
    }
   ],
   "source": [
    "df.info() #has no null values"
   ]
  },
  {
   "cell_type": "code",
   "execution_count": 26,
   "metadata": {},
   "outputs": [
    {
     "data": {
      "text/html": [
       "<div>\n",
       "<style scoped>\n",
       "    .dataframe tbody tr th:only-of-type {\n",
       "        vertical-align: middle;\n",
       "    }\n",
       "\n",
       "    .dataframe tbody tr th {\n",
       "        vertical-align: top;\n",
       "    }\n",
       "\n",
       "    .dataframe thead th {\n",
       "        text-align: right;\n",
       "    }\n",
       "</style>\n",
       "<table border=\"1\" class=\"dataframe\">\n",
       "  <thead>\n",
       "    <tr style=\"text-align: right;\">\n",
       "      <th></th>\n",
       "      <th>Date</th>\n",
       "      <th>A1</th>\n",
       "      <th>A2</th>\n",
       "      <th>A3</th>\n",
       "      <th>R1</th>\n",
       "      <th>R2</th>\n",
       "      <th>R3</th>\n",
       "      <th>M1</th>\n",
       "      <th>M2</th>\n",
       "      <th>M3</th>\n",
       "      <th>P1</th>\n",
       "      <th>P2</th>\n",
       "      <th>P3</th>\n",
       "      <th>D1</th>\n",
       "    </tr>\n",
       "  </thead>\n",
       "  <tbody>\n",
       "    <tr>\n",
       "      <th>0</th>\n",
       "      <td>1995-01-02</td>\n",
       "      <td>1.127</td>\n",
       "      <td>1.104</td>\n",
       "      <td>1.231</td>\n",
       "      <td>1.079</td>\n",
       "      <td>1.063</td>\n",
       "      <td>1.167</td>\n",
       "      <td>1.170</td>\n",
       "      <td>1.159</td>\n",
       "      <td>1.298</td>\n",
       "      <td>1.272</td>\n",
       "      <td>1.250</td>\n",
       "      <td>1.386</td>\n",
       "      <td>1.104</td>\n",
       "    </tr>\n",
       "    <tr>\n",
       "      <th>1</th>\n",
       "      <td>1995-01-09</td>\n",
       "      <td>1.134</td>\n",
       "      <td>1.111</td>\n",
       "      <td>1.232</td>\n",
       "      <td>1.086</td>\n",
       "      <td>1.070</td>\n",
       "      <td>1.169</td>\n",
       "      <td>1.177</td>\n",
       "      <td>1.164</td>\n",
       "      <td>1.300</td>\n",
       "      <td>1.279</td>\n",
       "      <td>1.256</td>\n",
       "      <td>1.387</td>\n",
       "      <td>1.102</td>\n",
       "    </tr>\n",
       "    <tr>\n",
       "      <th>2</th>\n",
       "      <td>1995-01-16</td>\n",
       "      <td>1.126</td>\n",
       "      <td>1.102</td>\n",
       "      <td>1.231</td>\n",
       "      <td>1.078</td>\n",
       "      <td>1.062</td>\n",
       "      <td>1.169</td>\n",
       "      <td>1.168</td>\n",
       "      <td>1.155</td>\n",
       "      <td>1.299</td>\n",
       "      <td>1.271</td>\n",
       "      <td>1.249</td>\n",
       "      <td>1.385</td>\n",
       "      <td>1.100</td>\n",
       "    </tr>\n",
       "    <tr>\n",
       "      <th>3</th>\n",
       "      <td>1995-01-23</td>\n",
       "      <td>1.132</td>\n",
       "      <td>1.110</td>\n",
       "      <td>1.226</td>\n",
       "      <td>1.083</td>\n",
       "      <td>1.068</td>\n",
       "      <td>1.165</td>\n",
       "      <td>1.177</td>\n",
       "      <td>1.165</td>\n",
       "      <td>1.296</td>\n",
       "      <td>1.277</td>\n",
       "      <td>1.256</td>\n",
       "      <td>1.378</td>\n",
       "      <td>1.095</td>\n",
       "    </tr>\n",
       "    <tr>\n",
       "      <th>4</th>\n",
       "      <td>1995-01-30</td>\n",
       "      <td>1.131</td>\n",
       "      <td>1.109</td>\n",
       "      <td>1.221</td>\n",
       "      <td>1.083</td>\n",
       "      <td>1.068</td>\n",
       "      <td>1.162</td>\n",
       "      <td>1.176</td>\n",
       "      <td>1.163</td>\n",
       "      <td>1.291</td>\n",
       "      <td>1.275</td>\n",
       "      <td>1.255</td>\n",
       "      <td>1.370</td>\n",
       "      <td>1.090</td>\n",
       "    </tr>\n",
       "  </tbody>\n",
       "</table>\n",
       "</div>"
      ],
      "text/plain": [
       "        Date     A1     A2     A3     R1     R2     R3     M1     M2     M3  \\\n",
       "0 1995-01-02  1.127  1.104  1.231  1.079  1.063  1.167  1.170  1.159  1.298   \n",
       "1 1995-01-09  1.134  1.111  1.232  1.086  1.070  1.169  1.177  1.164  1.300   \n",
       "2 1995-01-16  1.126  1.102  1.231  1.078  1.062  1.169  1.168  1.155  1.299   \n",
       "3 1995-01-23  1.132  1.110  1.226  1.083  1.068  1.165  1.177  1.165  1.296   \n",
       "4 1995-01-30  1.131  1.109  1.221  1.083  1.068  1.162  1.176  1.163  1.291   \n",
       "\n",
       "      P1     P2     P3     D1  \n",
       "0  1.272  1.250  1.386  1.104  \n",
       "1  1.279  1.256  1.387  1.102  \n",
       "2  1.271  1.249  1.385  1.100  \n",
       "3  1.277  1.256  1.378  1.095  \n",
       "4  1.275  1.255  1.370  1.090  "
      ]
     },
     "execution_count": 26,
     "metadata": {},
     "output_type": "execute_result"
    }
   ],
   "source": [
    "# convert string date to datetime64\n",
    "df['Date'] = pd.to_datetime(df['Date'])\n",
    "df.head()"
   ]
  }
 ],
 "metadata": {
  "kernelspec": {
   "display_name": "base",
   "language": "python",
   "name": "python3"
  },
  "language_info": {
   "codemirror_mode": {
    "name": "ipython",
    "version": 3
   },
   "file_extension": ".py",
   "mimetype": "text/x-python",
   "name": "python",
   "nbconvert_exporter": "python",
   "pygments_lexer": "ipython3",
   "version": "3.9.13"
  },
  "orig_nbformat": 4
 },
 "nbformat": 4,
 "nbformat_minor": 2
}
